{
 "cells": [
  {
   "cell_type": "markdown",
   "metadata": {},
   "source": [
    "# Gamess DictionaryFile tutorial\n",
    "\n",
    "GamessReader provides methods for reading the binary files produced by GAMESS(US) such as the:\n",
    "* F10\n",
    "    dictionary file with one electron integrals (details about the contents of this file can be found in the GAMESS documentation"
   ]
  },
  {
   "cell_type": "code",
   "execution_count": 1,
   "metadata": {
    "collapsed": false
   },
   "outputs": [],
   "source": [
    "from chemtools.gamessus import DictionaryFile, records, tri2full"
   ]
  },
  {
   "cell_type": "markdown",
   "metadata": {},
   "source": [
    "`records` is a dictionary of record numbers with descriptions that can be read by the `DictionaryFile` `read_record` method. We can print it's contents "
   ]
  },
  {
   "cell_type": "code",
   "execution_count": 2,
   "metadata": {
    "collapsed": false
   },
   "outputs": [
    {
     "name": "stdout",
     "output_type": "stream",
     "text": [
      "1 atomic coordinates\n",
      "2 enrgys\n",
      "3 gradient vector\n",
      "4 hessian matrix\n",
      "5 not used\n",
      "6 not used\n",
      "7 ptr\n",
      "8 dtr\n",
      "9 ftr\n",
      "10 gtr\n",
      "11 bare nucleus\n",
      "12 overlap\n",
      "13 kinetic energy\n",
      "14 alpha fock matrix\n",
      "15 alpha orbitals\n",
      "16 alpha density matrix\n",
      "17 alpha energies or occupation numbers\n",
      "18 beta fock matrix\n",
      "19 beta orbitals\n",
      "20 beta density matrix\n",
      "21 beta energies or occupation numbers\n",
      "22 error function interpolation table\n",
      "23 old alpha fock matrix\n",
      "24 older alpha fock matrix\n",
      "25 oldest alpha fock matrix\n",
      "26 old beta fock matrix\n",
      "27 older beta fock matrix\n",
      "28 odest beta fock matrix\n",
      "29 vib 0 gradient in FORCE\n",
      "30 vib 0 alpha orbitals in FORCE\n",
      "31 Vib 0 beta  orbitals in FORCE\n",
      "32 Vib 0 alpha density matrix in FORCE\n",
      "33 Vib 0 beta  density matrix in FORCE\n",
      "34 dipole derivative tensor in FORCE\n",
      "35 frozen core Fock operator\n",
      "36 RHF/UHF/ROHF Lagrangian\n",
      "37 floating point part of common block /OPTGRD/\n",
      "38 integer part of common block /OPTGRD/\n",
      "39 ZMAT of input internal coords\n",
      "40 IZMAT of input internal coords\n",
      "41 B matrix of redundant internal coords\n",
      "42 pristine core Fock matrix in MO basis (see 87)\n",
      "43 Force constant matrix in internal coordinates\n",
      "44 SALC transformation\n",
      "45 symmetry adapted Q matrix\n",
      "46 S matrix for symmetry coordinates\n",
      "47 ZMAT for symmetry internal coords\n",
      "48 IZMAT for symmetry internal coords\n",
      "49 B matrix\n",
      "50 B inverse matrix\n",
      "95 x dipole integrals in AO basis\n",
      "96 y dipole integrals in AO basis\n",
      "97 z dipole integrals in AO basis\n",
      "251 static polarizability tensor alpha\n",
      "252 X dipole integrals in MO basis\n",
      "253 Y dipole integrals in MO basis\n",
      "254 Z dipole integrals in MO basis\n",
      "255 alpha MO symmetry labels\n",
      "256 beta MO symmetry labels\n",
      "379 Lz integrals\n"
     ]
    }
   ],
   "source": [
    "for k in sorted(records.keys()):\n",
    "    print k, records[k].name"
   ]
  },
  {
   "cell_type": "code",
   "execution_count": 3,
   "metadata": {
    "collapsed": false
   },
   "outputs": [],
   "source": [
    "df = DictionaryFile(\"data/h2_eq_pvtz_fci.F10\")"
   ]
  },
  {
   "cell_type": "markdown",
   "metadata": {},
   "source": [
    "As a first example we can read the coordianted of the molecule that was used in the calcualtion, in this case H2 with R(H-H)=1.4 bohr."
   ]
  },
  {
   "cell_type": "code",
   "execution_count": 4,
   "metadata": {
    "collapsed": false
   },
   "outputs": [
    {
     "name": "stdout",
     "output_type": "stream",
     "text": [
      "[[ 0.   0.  -0.7]\n",
      " [ 0.   0.   0.7]]\n"
     ]
    }
   ],
   "source": [
    "coords = df.read_record(1)\n",
    "coords = coords.reshape(2, 3)\n",
    "print coords"
   ]
  },
  {
   "cell_type": "markdown",
   "metadata": {},
   "source": [
    "Record 2 stores various energies from gamess common block ENRGYS and the contents depend on the type of calcualtion"
   ]
  },
  {
   "cell_type": "code",
   "execution_count": 5,
   "metadata": {
    "collapsed": false
   },
   "outputs": [
    {
     "data": {
      "text/plain": [
       "array([ 0.71428571, -1.88662031, -1.17233459,  0.        ,  0.        ,\n",
       "        0.        , -1.13296053,  0.        , -2.47528051,  0.5886602 ,\n",
       "       -3.646691  ,  0.5886602 , -2.34374509,  1.17141049, -1.17233459,\n",
       "        0.        ,  0.        ,  0.        ,  0.        ,  0.        ,\n",
       "        0.        ,  0.        ,  0.        ,  0.        ,  0.        ,\n",
       "        0.        ,  0.        ,  0.        ,  0.        ,  0.        ,\n",
       "        0.        ,  0.        ,  0.        ,  0.        ,  0.        ,\n",
       "        0.        ,  0.        ,  0.        ,  0.        ,  0.        ,\n",
       "        0.        ,  0.        ,  0.        ,  0.        ,  0.        ,\n",
       "        0.        ,  0.        ,  0.        ,  0.        ,  0.        ,\n",
       "        0.        ,  0.        ,  0.        ,  0.        ,  0.        ,\n",
       "        0.        ,  0.        ,  0.        ,  0.        ,  0.        ,\n",
       "        0.        ,  0.        ,  0.        ,  0.        ,  0.        ,\n",
       "        0.        ,  0.        ,  0.        ,  0.        ,  0.        ,\n",
       "        0.        ,  0.        ,  0.        ,  0.        ,  0.        ,\n",
       "        0.        ,  0.        ,  0.        ,  0.        ,  0.        ,\n",
       "        0.        ,  0.        ,  0.        ,  0.        ,  0.        ,\n",
       "        0.        ,  0.        ,  0.        ,  0.        ,  0.        ,\n",
       "        0.        ,  0.        ,  0.        ,  0.        ,  0.        ,\n",
       "        0.        ,  0.        ,  0.        ,  0.        ,  0.        ,\n",
       "        0.        ,  0.        ,  0.        ,  0.        ,  0.        ,\n",
       "        0.        ,  0.        ,  0.        ,  0.        ,  0.        ,\n",
       "        0.        ,  0.        ,  0.        ,  0.        ,  1.        ])"
      ]
     },
     "execution_count": 5,
     "metadata": {},
     "output_type": "execute_result"
    }
   ],
   "source": [
    "df.read_record(2)"
   ]
  },
  {
   "cell_type": "markdown",
   "metadata": {},
   "source": [
    "Record 11 hold the bare nucleus one electron integrals (T + V_ne) as a 1-D vector (lower triangle of a symmetric matrix)\n",
    "and the low level read_record funtion retrieves that vector"
   ]
  },
  {
   "cell_type": "code",
   "execution_count": 6,
   "metadata": {
    "collapsed": false
   },
   "outputs": [],
   "source": [
    "Hv = df.read_record(11)"
   ]
  },
  {
   "cell_type": "code",
   "execution_count": 7,
   "metadata": {
    "collapsed": false
   },
   "outputs": [
    {
     "data": {
      "text/plain": [
       "(465,)"
      ]
     },
     "execution_count": 7,
     "metadata": {},
     "output_type": "execute_result"
    }
   ],
   "source": [
    "Hv.shape"
   ]
  },
  {
   "cell_type": "markdown",
   "metadata": {},
   "source": [
    "by using a convenience function tri2full, the 1-D vector can be put in a matrix "
   ]
  },
  {
   "cell_type": "code",
   "execution_count": 10,
   "metadata": {
    "collapsed": false
   },
   "outputs": [],
   "source": [
    "H = tri2full(Hv, (30, 30))"
   ]
  },
  {
   "cell_type": "code",
   "execution_count": 11,
   "metadata": {
    "collapsed": false
   },
   "outputs": [
    {
     "data": {
      "text/plain": [
       "array([[ -5.19508256e-01,  -1.00885384e+00,  -6.68935006e-01,\n",
       "          0.00000000e+00,   0.00000000e+00,  -2.09314765e-01,\n",
       "          0.00000000e+00,   0.00000000e+00,  -1.30053590e-01,\n",
       "         -8.31198313e-01,  -8.31198313e-01,  -9.34866370e-01,\n",
       "          0.00000000e+00,   0.00000000e+00,   0.00000000e+00,\n",
       "         -6.34410637e-01,  -7.52595946e-01,  -5.78619781e-01,\n",
       "          0.00000000e+00,   0.00000000e+00,   4.63303248e-01,\n",
       "          0.00000000e+00,   0.00000000e+00,   6.58690912e-01,\n",
       "         -4.64429916e-01,  -4.64429916e-01,  -5.43385761e-01,\n",
       "          0.00000000e+00,   0.00000000e+00,   0.00000000e+00],\n",
       "       [ -1.00885384e+00,  -1.05786415e+00,  -8.51520320e-01,\n",
       "          0.00000000e+00,   0.00000000e+00,  -2.22252855e-01,\n",
       "          0.00000000e+00,   0.00000000e+00,  -2.55072507e-01,\n",
       "         -6.06115360e-01,  -6.06115360e-01,  -7.78895842e-01,\n",
       "          0.00000000e+00,   0.00000000e+00,   0.00000000e+00,\n",
       "         -7.52595946e-01,  -9.15879535e-01,  -7.79307746e-01,\n",
       "          0.00000000e+00,   0.00000000e+00,   3.68509903e-01,\n",
       "          0.00000000e+00,   0.00000000e+00,   5.43741298e-01,\n",
       "         -5.02279823e-01,  -5.02279823e-01,  -7.86263630e-01,\n",
       "          0.00000000e+00,   0.00000000e+00,   0.00000000e+00],\n",
       "       [ -6.68935006e-01,  -8.51520320e-01,  -8.07663088e-01,\n",
       "          0.00000000e+00,   0.00000000e+00,  -1.26684473e-01,\n",
       "          0.00000000e+00,   0.00000000e+00,  -1.95620395e-01,\n",
       "         -5.02064185e-01,  -5.02064185e-01,  -6.13882633e-01,\n",
       "          0.00000000e+00,   0.00000000e+00,   0.00000000e+00,\n",
       "         -5.78619781e-01,  -7.79307746e-01,  -7.64792001e-01,\n",
       "          0.00000000e+00,   0.00000000e+00,   1.96760140e-01,\n",
       "          0.00000000e+00,   0.00000000e+00,   3.43163873e-01,\n",
       "         -4.40449737e-01,  -4.40449737e-01,  -5.89128564e-01,\n",
       "          0.00000000e+00,   0.00000000e+00,   0.00000000e+00],\n",
       "       [  0.00000000e+00,   0.00000000e+00,   0.00000000e+00,\n",
       "          1.60595643e+00,   0.00000000e+00,   0.00000000e+00,\n",
       "         -6.23793307e-02,   0.00000000e+00,   0.00000000e+00,\n",
       "          0.00000000e+00,   0.00000000e+00,   0.00000000e+00,\n",
       "          0.00000000e+00,  -1.44078023e-01,   0.00000000e+00,\n",
       "          0.00000000e+00,   0.00000000e+00,   0.00000000e+00,\n",
       "         -1.04056442e-01,   0.00000000e+00,   0.00000000e+00,\n",
       "         -1.80301206e-01,   0.00000000e+00,   0.00000000e+00,\n",
       "          0.00000000e+00,   0.00000000e+00,   0.00000000e+00,\n",
       "          0.00000000e+00,  -4.37415724e-01,   0.00000000e+00],\n",
       "       [  0.00000000e+00,   0.00000000e+00,   0.00000000e+00,\n",
       "          0.00000000e+00,   1.60595643e+00,   0.00000000e+00,\n",
       "          0.00000000e+00,  -6.23793307e-02,   0.00000000e+00,\n",
       "          0.00000000e+00,   0.00000000e+00,   0.00000000e+00,\n",
       "          0.00000000e+00,   0.00000000e+00,  -1.44078023e-01,\n",
       "          0.00000000e+00,   0.00000000e+00,   0.00000000e+00,\n",
       "          0.00000000e+00,  -1.04056442e-01,   0.00000000e+00,\n",
       "          0.00000000e+00,  -1.80301206e-01,   0.00000000e+00,\n",
       "          0.00000000e+00,   0.00000000e+00,   0.00000000e+00,\n",
       "          0.00000000e+00,   0.00000000e+00,  -4.37415724e-01],\n",
       "       [ -2.09314765e-01,  -2.22252855e-01,  -1.26684473e-01,\n",
       "          0.00000000e+00,   0.00000000e+00,   1.42155937e+00,\n",
       "          0.00000000e+00,   0.00000000e+00,  -2.08832875e-01,\n",
       "         -8.31834851e-02,  -8.31834851e-02,  -3.96780694e-01,\n",
       "          0.00000000e+00,   0.00000000e+00,   0.00000000e+00,\n",
       "         -4.63303248e-01,  -3.68509903e-01,  -1.96760140e-01,\n",
       "          0.00000000e+00,   0.00000000e+00,  -5.90217716e-01,\n",
       "          0.00000000e+00,   0.00000000e+00,  -5.82266465e-02,\n",
       "         -4.11711106e-01,  -4.11711106e-01,   3.08691612e-01,\n",
       "          0.00000000e+00,   0.00000000e+00,   0.00000000e+00],\n",
       "       [  0.00000000e+00,   0.00000000e+00,   0.00000000e+00,\n",
       "         -6.23793307e-02,   0.00000000e+00,   0.00000000e+00,\n",
       "         -2.04632535e-01,   0.00000000e+00,   0.00000000e+00,\n",
       "          0.00000000e+00,   0.00000000e+00,   0.00000000e+00,\n",
       "          0.00000000e+00,  -1.40012967e-01,   0.00000000e+00,\n",
       "          0.00000000e+00,   0.00000000e+00,   0.00000000e+00,\n",
       "         -1.80301206e-01,   0.00000000e+00,   0.00000000e+00,\n",
       "         -2.80140474e-01,   0.00000000e+00,   0.00000000e+00,\n",
       "          0.00000000e+00,   0.00000000e+00,   0.00000000e+00,\n",
       "          0.00000000e+00,   1.50138211e-03,   0.00000000e+00],\n",
       "       [  0.00000000e+00,   0.00000000e+00,   0.00000000e+00,\n",
       "          0.00000000e+00,  -6.23793307e-02,   0.00000000e+00,\n",
       "          0.00000000e+00,  -2.04632535e-01,   0.00000000e+00,\n",
       "          0.00000000e+00,   0.00000000e+00,   0.00000000e+00,\n",
       "          0.00000000e+00,   0.00000000e+00,  -1.40012967e-01,\n",
       "          0.00000000e+00,   0.00000000e+00,   0.00000000e+00,\n",
       "          0.00000000e+00,  -1.80301206e-01,   0.00000000e+00,\n",
       "          0.00000000e+00,  -2.80140474e-01,   0.00000000e+00,\n",
       "          0.00000000e+00,   0.00000000e+00,   0.00000000e+00,\n",
       "          0.00000000e+00,   0.00000000e+00,   1.50138211e-03],\n",
       "       [ -1.30053590e-01,  -2.55072507e-01,  -1.95620395e-01,\n",
       "          0.00000000e+00,   0.00000000e+00,  -2.08832875e-01,\n",
       "          0.00000000e+00,   0.00000000e+00,  -4.20527963e-01,\n",
       "         -8.08365242e-02,  -8.08365242e-02,  -4.15157722e-01,\n",
       "          0.00000000e+00,   0.00000000e+00,   0.00000000e+00,\n",
       "         -6.58690912e-01,  -5.43741298e-01,  -3.43163873e-01,\n",
       "          0.00000000e+00,   0.00000000e+00,  -5.82266465e-02,\n",
       "          0.00000000e+00,   0.00000000e+00,  -1.51283217e-01,\n",
       "         -3.26704855e-01,  -3.26704855e-01,  -3.26418075e-01,\n",
       "          0.00000000e+00,   0.00000000e+00,   0.00000000e+00],\n",
       "       [ -8.31198313e-01,  -6.06115360e-01,  -5.02064185e-01,\n",
       "          0.00000000e+00,   0.00000000e+00,  -8.31834851e-02,\n",
       "          0.00000000e+00,   0.00000000e+00,  -8.08365242e-02,\n",
       "          8.42354291e-01,  -6.58770792e-01,  -6.96812129e-01,\n",
       "          0.00000000e+00,   0.00000000e+00,   0.00000000e+00,\n",
       "         -4.64429916e-01,  -5.02279823e-01,  -4.40449737e-01,\n",
       "          0.00000000e+00,   0.00000000e+00,   4.11711106e-01,\n",
       "          0.00000000e+00,   0.00000000e+00,   3.26704855e-01,\n",
       "         -1.18659645e-01,  -3.73021229e-01,  -4.65872295e-01,\n",
       "          0.00000000e+00,   0.00000000e+00,   0.00000000e+00],\n",
       "       [ -8.31198313e-01,  -6.06115360e-01,  -5.02064185e-01,\n",
       "          0.00000000e+00,   0.00000000e+00,  -8.31834851e-02,\n",
       "          0.00000000e+00,   0.00000000e+00,  -8.08365242e-02,\n",
       "         -6.58770792e-01,   8.42354291e-01,  -6.96812129e-01,\n",
       "          0.00000000e+00,   0.00000000e+00,   0.00000000e+00,\n",
       "         -4.64429916e-01,  -5.02279823e-01,  -4.40449737e-01,\n",
       "          0.00000000e+00,   0.00000000e+00,   4.11711106e-01,\n",
       "          0.00000000e+00,   0.00000000e+00,   3.26704855e-01,\n",
       "         -3.73021229e-01,  -1.18659645e-01,  -4.65872295e-01,\n",
       "          0.00000000e+00,   0.00000000e+00,   0.00000000e+00],\n",
       "       [ -9.34866370e-01,  -7.78895842e-01,  -6.13882633e-01,\n",
       "          0.00000000e+00,   0.00000000e+00,  -3.96780694e-01,\n",
       "          0.00000000e+00,   0.00000000e+00,  -4.15157722e-01,\n",
       "         -6.96812129e-01,  -6.96812129e-01,   4.34090008e-01,\n",
       "          0.00000000e+00,   0.00000000e+00,   0.00000000e+00,\n",
       "         -5.43385761e-01,  -7.86263630e-01,  -5.89128564e-01,\n",
       "          0.00000000e+00,   0.00000000e+00,  -3.08691612e-01,\n",
       "          0.00000000e+00,   0.00000000e+00,   3.26418075e-01,\n",
       "         -4.65872295e-01,  -4.65872295e-01,  -8.08588801e-01,\n",
       "          0.00000000e+00,   0.00000000e+00,   0.00000000e+00],\n",
       "       [  0.00000000e+00,   0.00000000e+00,   0.00000000e+00,\n",
       "          0.00000000e+00,   0.00000000e+00,   0.00000000e+00,\n",
       "          0.00000000e+00,   0.00000000e+00,   0.00000000e+00,\n",
       "          0.00000000e+00,   0.00000000e+00,   0.00000000e+00,\n",
       "          2.25168762e+00,   0.00000000e+00,   0.00000000e+00,\n",
       "          0.00000000e+00,   0.00000000e+00,   0.00000000e+00,\n",
       "          0.00000000e+00,   0.00000000e+00,   0.00000000e+00,\n",
       "          0.00000000e+00,   0.00000000e+00,   0.00000000e+00,\n",
       "          0.00000000e+00,   0.00000000e+00,   0.00000000e+00,\n",
       "          3.81542375e-01,   0.00000000e+00,   0.00000000e+00],\n",
       "       [  0.00000000e+00,   0.00000000e+00,   0.00000000e+00,\n",
       "         -1.44078023e-01,   0.00000000e+00,   0.00000000e+00,\n",
       "         -1.40012967e-01,   0.00000000e+00,   0.00000000e+00,\n",
       "          0.00000000e+00,   0.00000000e+00,   0.00000000e+00,\n",
       "          0.00000000e+00,   2.13756361e+00,   0.00000000e+00,\n",
       "          0.00000000e+00,   0.00000000e+00,   0.00000000e+00,\n",
       "          4.37415724e-01,   0.00000000e+00,   0.00000000e+00,\n",
       "         -1.50138211e-03,   0.00000000e+00,   0.00000000e+00,\n",
       "          0.00000000e+00,   0.00000000e+00,   0.00000000e+00,\n",
       "          0.00000000e+00,  -1.05321931e+00,   0.00000000e+00],\n",
       "       [  0.00000000e+00,   0.00000000e+00,   0.00000000e+00,\n",
       "          0.00000000e+00,  -1.44078023e-01,   0.00000000e+00,\n",
       "          0.00000000e+00,  -1.40012967e-01,   0.00000000e+00,\n",
       "          0.00000000e+00,   0.00000000e+00,   0.00000000e+00,\n",
       "          0.00000000e+00,   0.00000000e+00,   2.13756361e+00,\n",
       "          0.00000000e+00,   0.00000000e+00,   0.00000000e+00,\n",
       "          0.00000000e+00,   4.37415724e-01,   0.00000000e+00,\n",
       "          0.00000000e+00,  -1.50138211e-03,   0.00000000e+00,\n",
       "          0.00000000e+00,   0.00000000e+00,   0.00000000e+00,\n",
       "          0.00000000e+00,   0.00000000e+00,  -1.05321931e+00],\n",
       "       [ -6.34410637e-01,  -7.52595946e-01,  -5.78619781e-01,\n",
       "          0.00000000e+00,   0.00000000e+00,  -4.63303248e-01,\n",
       "          0.00000000e+00,   0.00000000e+00,  -6.58690912e-01,\n",
       "         -4.64429916e-01,  -4.64429916e-01,  -5.43385761e-01,\n",
       "          0.00000000e+00,   0.00000000e+00,   0.00000000e+00,\n",
       "         -5.19508256e-01,  -1.00885384e+00,  -6.68935006e-01,\n",
       "          0.00000000e+00,   0.00000000e+00,   2.09314765e-01,\n",
       "          0.00000000e+00,   0.00000000e+00,   1.30053590e-01,\n",
       "         -8.31198313e-01,  -8.31198313e-01,  -9.34866370e-01,\n",
       "          0.00000000e+00,   0.00000000e+00,   0.00000000e+00],\n",
       "       [ -7.52595946e-01,  -9.15879535e-01,  -7.79307746e-01,\n",
       "          0.00000000e+00,   0.00000000e+00,  -3.68509903e-01,\n",
       "          0.00000000e+00,   0.00000000e+00,  -5.43741298e-01,\n",
       "         -5.02279823e-01,  -5.02279823e-01,  -7.86263630e-01,\n",
       "          0.00000000e+00,   0.00000000e+00,   0.00000000e+00,\n",
       "         -1.00885384e+00,  -1.05786415e+00,  -8.51520320e-01,\n",
       "          0.00000000e+00,   0.00000000e+00,   2.22252855e-01,\n",
       "          0.00000000e+00,   0.00000000e+00,   2.55072507e-01,\n",
       "         -6.06115360e-01,  -6.06115360e-01,  -7.78895842e-01,\n",
       "          0.00000000e+00,   0.00000000e+00,   0.00000000e+00],\n",
       "       [ -5.78619781e-01,  -7.79307746e-01,  -7.64792001e-01,\n",
       "          0.00000000e+00,   0.00000000e+00,  -1.96760140e-01,\n",
       "          0.00000000e+00,   0.00000000e+00,  -3.43163873e-01,\n",
       "         -4.40449737e-01,  -4.40449737e-01,  -5.89128564e-01,\n",
       "          0.00000000e+00,   0.00000000e+00,   0.00000000e+00,\n",
       "         -6.68935006e-01,  -8.51520320e-01,  -8.07663088e-01,\n",
       "          0.00000000e+00,   0.00000000e+00,   1.26684473e-01,\n",
       "          0.00000000e+00,   0.00000000e+00,   1.95620395e-01,\n",
       "         -5.02064185e-01,  -5.02064185e-01,  -6.13882633e-01,\n",
       "          0.00000000e+00,   0.00000000e+00,   0.00000000e+00],\n",
       "       [  0.00000000e+00,   0.00000000e+00,   0.00000000e+00,\n",
       "         -1.04056442e-01,   0.00000000e+00,   0.00000000e+00,\n",
       "         -1.80301206e-01,   0.00000000e+00,   0.00000000e+00,\n",
       "          0.00000000e+00,   0.00000000e+00,   0.00000000e+00,\n",
       "          0.00000000e+00,   4.37415724e-01,   0.00000000e+00,\n",
       "          0.00000000e+00,   0.00000000e+00,   0.00000000e+00,\n",
       "          1.60595643e+00,   0.00000000e+00,   0.00000000e+00,\n",
       "         -6.23793307e-02,   0.00000000e+00,   0.00000000e+00,\n",
       "          0.00000000e+00,   0.00000000e+00,   0.00000000e+00,\n",
       "          0.00000000e+00,   1.44078023e-01,   0.00000000e+00],\n",
       "       [  0.00000000e+00,   0.00000000e+00,   0.00000000e+00,\n",
       "          0.00000000e+00,  -1.04056442e-01,   0.00000000e+00,\n",
       "          0.00000000e+00,  -1.80301206e-01,   0.00000000e+00,\n",
       "          0.00000000e+00,   0.00000000e+00,   0.00000000e+00,\n",
       "          0.00000000e+00,   0.00000000e+00,   4.37415724e-01,\n",
       "          0.00000000e+00,   0.00000000e+00,   0.00000000e+00,\n",
       "          0.00000000e+00,   1.60595643e+00,   0.00000000e+00,\n",
       "          0.00000000e+00,  -6.23793307e-02,   0.00000000e+00,\n",
       "          0.00000000e+00,   0.00000000e+00,   0.00000000e+00,\n",
       "          0.00000000e+00,   0.00000000e+00,   1.44078023e-01],\n",
       "       [  4.63303248e-01,   3.68509903e-01,   1.96760140e-01,\n",
       "          0.00000000e+00,   0.00000000e+00,  -5.90217716e-01,\n",
       "          0.00000000e+00,   0.00000000e+00,  -5.82266465e-02,\n",
       "          4.11711106e-01,   4.11711106e-01,  -3.08691612e-01,\n",
       "          0.00000000e+00,   0.00000000e+00,   0.00000000e+00,\n",
       "          2.09314765e-01,   2.22252855e-01,   1.26684473e-01,\n",
       "          0.00000000e+00,   0.00000000e+00,   1.42155937e+00,\n",
       "          0.00000000e+00,   0.00000000e+00,  -2.08832875e-01,\n",
       "          8.31834851e-02,   8.31834851e-02,   3.96780694e-01,\n",
       "          0.00000000e+00,   0.00000000e+00,   0.00000000e+00],\n",
       "       [  0.00000000e+00,   0.00000000e+00,   0.00000000e+00,\n",
       "         -1.80301206e-01,   0.00000000e+00,   0.00000000e+00,\n",
       "         -2.80140474e-01,   0.00000000e+00,   0.00000000e+00,\n",
       "          0.00000000e+00,   0.00000000e+00,   0.00000000e+00,\n",
       "          0.00000000e+00,  -1.50138211e-03,   0.00000000e+00,\n",
       "          0.00000000e+00,   0.00000000e+00,   0.00000000e+00,\n",
       "         -6.23793307e-02,   0.00000000e+00,   0.00000000e+00,\n",
       "         -2.04632535e-01,   0.00000000e+00,   0.00000000e+00,\n",
       "          0.00000000e+00,   0.00000000e+00,   0.00000000e+00,\n",
       "          0.00000000e+00,   1.40012967e-01,   0.00000000e+00],\n",
       "       [  0.00000000e+00,   0.00000000e+00,   0.00000000e+00,\n",
       "          0.00000000e+00,  -1.80301206e-01,   0.00000000e+00,\n",
       "          0.00000000e+00,  -2.80140474e-01,   0.00000000e+00,\n",
       "          0.00000000e+00,   0.00000000e+00,   0.00000000e+00,\n",
       "          0.00000000e+00,   0.00000000e+00,  -1.50138211e-03,\n",
       "          0.00000000e+00,   0.00000000e+00,   0.00000000e+00,\n",
       "          0.00000000e+00,  -6.23793307e-02,   0.00000000e+00,\n",
       "          0.00000000e+00,  -2.04632535e-01,   0.00000000e+00,\n",
       "          0.00000000e+00,   0.00000000e+00,   0.00000000e+00,\n",
       "          0.00000000e+00,   0.00000000e+00,   1.40012967e-01],\n",
       "       [  6.58690912e-01,   5.43741298e-01,   3.43163873e-01,\n",
       "          0.00000000e+00,   0.00000000e+00,  -5.82266465e-02,\n",
       "          0.00000000e+00,   0.00000000e+00,  -1.51283217e-01,\n",
       "          3.26704855e-01,   3.26704855e-01,   3.26418075e-01,\n",
       "          0.00000000e+00,   0.00000000e+00,   0.00000000e+00,\n",
       "          1.30053590e-01,   2.55072507e-01,   1.95620395e-01,\n",
       "          0.00000000e+00,   0.00000000e+00,  -2.08832875e-01,\n",
       "          0.00000000e+00,   0.00000000e+00,  -4.20527963e-01,\n",
       "          8.08365242e-02,   8.08365242e-02,   4.15157722e-01,\n",
       "          0.00000000e+00,   0.00000000e+00,   0.00000000e+00],\n",
       "       [ -4.64429916e-01,  -5.02279823e-01,  -4.40449737e-01,\n",
       "          0.00000000e+00,   0.00000000e+00,  -4.11711106e-01,\n",
       "          0.00000000e+00,   0.00000000e+00,  -3.26704855e-01,\n",
       "         -1.18659645e-01,  -3.73021229e-01,  -4.65872295e-01,\n",
       "          0.00000000e+00,   0.00000000e+00,   0.00000000e+00,\n",
       "         -8.31198313e-01,  -6.06115360e-01,  -5.02064185e-01,\n",
       "          0.00000000e+00,   0.00000000e+00,   8.31834851e-02,\n",
       "          0.00000000e+00,   0.00000000e+00,   8.08365242e-02,\n",
       "          8.42354291e-01,  -6.58770792e-01,  -6.96812129e-01,\n",
       "          0.00000000e+00,   0.00000000e+00,   0.00000000e+00],\n",
       "       [ -4.64429916e-01,  -5.02279823e-01,  -4.40449737e-01,\n",
       "          0.00000000e+00,   0.00000000e+00,  -4.11711106e-01,\n",
       "          0.00000000e+00,   0.00000000e+00,  -3.26704855e-01,\n",
       "         -3.73021229e-01,  -1.18659645e-01,  -4.65872295e-01,\n",
       "          0.00000000e+00,   0.00000000e+00,   0.00000000e+00,\n",
       "         -8.31198313e-01,  -6.06115360e-01,  -5.02064185e-01,\n",
       "          0.00000000e+00,   0.00000000e+00,   8.31834851e-02,\n",
       "          0.00000000e+00,   0.00000000e+00,   8.08365242e-02,\n",
       "         -6.58770792e-01,   8.42354291e-01,  -6.96812129e-01,\n",
       "          0.00000000e+00,   0.00000000e+00,   0.00000000e+00],\n",
       "       [ -5.43385761e-01,  -7.86263630e-01,  -5.89128564e-01,\n",
       "          0.00000000e+00,   0.00000000e+00,   3.08691612e-01,\n",
       "          0.00000000e+00,   0.00000000e+00,  -3.26418075e-01,\n",
       "         -4.65872295e-01,  -4.65872295e-01,  -8.08588801e-01,\n",
       "          0.00000000e+00,   0.00000000e+00,   0.00000000e+00,\n",
       "         -9.34866370e-01,  -7.78895842e-01,  -6.13882633e-01,\n",
       "          0.00000000e+00,   0.00000000e+00,   3.96780694e-01,\n",
       "          0.00000000e+00,   0.00000000e+00,   4.15157722e-01,\n",
       "         -6.96812129e-01,  -6.96812129e-01,   4.34090008e-01,\n",
       "          0.00000000e+00,   0.00000000e+00,   0.00000000e+00],\n",
       "       [  0.00000000e+00,   0.00000000e+00,   0.00000000e+00,\n",
       "          0.00000000e+00,   0.00000000e+00,   0.00000000e+00,\n",
       "          0.00000000e+00,   0.00000000e+00,   0.00000000e+00,\n",
       "          0.00000000e+00,   0.00000000e+00,   0.00000000e+00,\n",
       "          3.81542375e-01,   0.00000000e+00,   0.00000000e+00,\n",
       "          0.00000000e+00,   0.00000000e+00,   0.00000000e+00,\n",
       "          0.00000000e+00,   0.00000000e+00,   0.00000000e+00,\n",
       "          0.00000000e+00,   0.00000000e+00,   0.00000000e+00,\n",
       "          0.00000000e+00,   0.00000000e+00,   0.00000000e+00,\n",
       "          2.25168762e+00,   0.00000000e+00,   0.00000000e+00],\n",
       "       [  0.00000000e+00,   0.00000000e+00,   0.00000000e+00,\n",
       "         -4.37415724e-01,   0.00000000e+00,   0.00000000e+00,\n",
       "          1.50138211e-03,   0.00000000e+00,   0.00000000e+00,\n",
       "          0.00000000e+00,   0.00000000e+00,   0.00000000e+00,\n",
       "          0.00000000e+00,  -1.05321931e+00,   0.00000000e+00,\n",
       "          0.00000000e+00,   0.00000000e+00,   0.00000000e+00,\n",
       "          1.44078023e-01,   0.00000000e+00,   0.00000000e+00,\n",
       "          1.40012967e-01,   0.00000000e+00,   0.00000000e+00,\n",
       "          0.00000000e+00,   0.00000000e+00,   0.00000000e+00,\n",
       "          0.00000000e+00,   2.13756361e+00,   0.00000000e+00],\n",
       "       [  0.00000000e+00,   0.00000000e+00,   0.00000000e+00,\n",
       "          0.00000000e+00,  -4.37415724e-01,   0.00000000e+00,\n",
       "          0.00000000e+00,   1.50138211e-03,   0.00000000e+00,\n",
       "          0.00000000e+00,   0.00000000e+00,   0.00000000e+00,\n",
       "          0.00000000e+00,   0.00000000e+00,  -1.05321931e+00,\n",
       "          0.00000000e+00,   0.00000000e+00,   0.00000000e+00,\n",
       "          0.00000000e+00,   1.44078023e-01,   0.00000000e+00,\n",
       "          0.00000000e+00,   1.40012967e-01,   0.00000000e+00,\n",
       "          0.00000000e+00,   0.00000000e+00,   0.00000000e+00,\n",
       "          0.00000000e+00,   0.00000000e+00,   2.13756361e+00]])"
      ]
     },
     "execution_count": 11,
     "metadata": {},
     "output_type": "execute_result"
    }
   ],
   "source": [
    "H"
   ]
  },
  {
   "cell_type": "markdown",
   "metadata": {},
   "source": [
    "The orbital energies can be read fom record 17"
   ]
  },
  {
   "cell_type": "code",
   "execution_count": 19,
   "metadata": {
    "collapsed": false
   },
   "outputs": [
    {
     "data": {
      "text/plain": [
       "array([-0.59442797,  0.16713829,  0.30507984,  0.64355015,  0.69261917,\n",
       "        0.69261917,  1.09640445,  1.11998497,  1.11998497,  1.52917244,\n",
       "        2.33707703,  2.40733557,  3.1753351 ,  3.1753351 ,  3.41225816,\n",
       "        3.41225816,  3.67481228,  3.89352728,  3.89352728,  4.08443932,\n",
       "        4.08443932,  4.1141952 ,  4.1141952 ,  4.65705168,  5.72969139,\n",
       "        5.72969139,  5.8059791 ,  6.96654377,  0.        ,  0.        ])"
      ]
     },
     "execution_count": 19,
     "metadata": {},
     "output_type": "execute_result"
    }
   ],
   "source": [
    "df.read_record(17)"
   ]
  },
  {
   "cell_type": "markdown",
   "metadata": {},
   "source": [
    "The molecular orbitals are stored as a vector of stacked columns in record 15"
   ]
  },
  {
   "cell_type": "code",
   "execution_count": 24,
   "metadata": {
    "collapsed": false
   },
   "outputs": [
    {
     "data": {
      "text/plain": [
       "(900,)"
      ]
     },
     "execution_count": 24,
     "metadata": {},
     "output_type": "execute_result"
    }
   ],
   "source": [
    "mosv = df.read_record(15);\n",
    "mosv.shape"
   ]
  },
  {
   "cell_type": "markdown",
   "metadata": {},
   "source": [
    "We can reshape the vector into a matrix by calling the numpy reshape method, remebering to give the order='F' keyword that uses fortran ordering (column by column) instead of default C ordering which is row by row"
   ]
  },
  {
   "cell_type": "code",
   "execution_count": 27,
   "metadata": {
    "collapsed": false
   },
   "outputs": [],
   "source": [
    "mos = mosv[:30*28].reshape((30, 28), order='F')"
   ]
  },
  {
   "cell_type": "markdown",
   "metadata": {},
   "source": [
    "now the first mo can be printed as "
   ]
  },
  {
   "cell_type": "code",
   "execution_count": 26,
   "metadata": {
    "collapsed": false
   },
   "outputs": [
    {
     "data": {
      "text/plain": [
       "array([ 0.18648279,  0.28367175,  0.13546836,  0.        ,  0.        ,\n",
       "        0.01205087,  0.        ,  0.        ,  0.01741547, -0.00041868,\n",
       "       -0.00041868,  0.00083736,  0.        ,  0.        ,  0.        ,\n",
       "        0.18648279,  0.28367175,  0.13546836,  0.        ,  0.        ,\n",
       "       -0.01205087,  0.        ,  0.        , -0.01741547, -0.00041868,\n",
       "       -0.00041868,  0.00083736,  0.        ,  0.        ,  0.        ])"
      ]
     },
     "execution_count": 26,
     "metadata": {},
     "output_type": "execute_result"
    }
   ],
   "source": [
    "mos[:,0]"
   ]
  },
  {
   "cell_type": "code",
   "execution_count": 21,
   "metadata": {
    "collapsed": false
   },
   "outputs": [
    {
     "data": {
      "text/plain": [
       "array([ 0.,  0.,  0.,  0.,  0.,  0.,  0.,  0.,  0.,  0.,  0.,  0.,  0.,\n",
       "        0.,  0.,  0.,  0.,  0.,  0.,  0.,  0.,  0.,  0.,  0.,  0.,  0.,\n",
       "        0.,  0.,  0.,  0.])"
      ]
     },
     "execution_count": 21,
     "metadata": {},
     "output_type": "execute_result"
    }
   ],
   "source": [
    "mos[:,28]"
   ]
  },
  {
   "cell_type": "code",
   "execution_count": null,
   "metadata": {
    "collapsed": false
   },
   "outputs": [],
   "source": []
  }
 ],
 "metadata": {
  "kernelspec": {
   "display_name": "Python 2",
   "language": "python",
   "name": "python2"
  },
  "language_info": {
   "codemirror_mode": {
    "name": "ipython",
    "version": 2
   },
   "file_extension": ".py",
   "mimetype": "text/x-python",
   "name": "python",
   "nbconvert_exporter": "python",
   "pygments_lexer": "ipython2",
   "version": "2.7.9"
  }
 },
 "nbformat": 4,
 "nbformat_minor": 0
}
